Supplemental results for CODEML (seqf: algn  treef: tree)


MLEs of dN/dS (w) for site classes (K=2)

p:   0.86617  0.13383
w:   0.05395  1.00000

Naive Empirical Bayes (NEB) probabilities for 2 classes & postmean_w
(amino acids refer to 1st sequence: Ailuropoda_melanoleuca)

   1 -   0.86617 0.13383 ( 1)  0.181
   2 -   0.86617 0.13383 ( 1)  0.181
   3 -   0.86617 0.13383 ( 1)  0.181
   4 -   0.86617 0.13383 ( 1)  0.181
   5 -   0.86617 0.13383 ( 1)  0.181
   6 -   0.86617 0.13383 ( 1)  0.181
   7 -   0.86617 0.13383 ( 1)  0.181
   8 -   0.86617 0.13383 ( 1)  0.181
   9 -   0.86617 0.13383 ( 1)  0.181
  10 -   0.86617 0.13383 ( 1)  0.181
  11 -   0.86617 0.13383 ( 1)  0.181
  12 -   0.86617 0.13383 ( 1)  0.181
  13 -   0.86617 0.13383 ( 1)  0.181
  14 -   0.86617 0.13383 ( 1)  0.181
  15 -   0.86617 0.13383 ( 1)  0.181
  16 -   0.41190 0.58810 ( 2)  0.610
  17 -   0.96366 0.03634 ( 1)  0.088
  18 -   0.21493 0.78507 ( 2)  0.797
  19 -   0.65398 0.34602 ( 1)  0.381
  20 -   0.95379 0.04621 ( 1)  0.098
  21 -   0.03761 0.96239 ( 2)  0.964
  22 -   0.91672 0.08328 ( 1)  0.133
  23 -   0.33701 0.66299 ( 2)  0.681
  24 -   0.91310 0.08690 ( 1)  0.136
  25 -   0.96237 0.03763 ( 1)  0.090
  26 -   0.00167 0.99833 ( 2)  0.998
  27 -   0.91586 0.08414 ( 1)  0.134
  28 -   0.10845 0.89155 ( 2)  0.897
  29 -   0.03662 0.96338 ( 2)  0.965
  30 -   0.99208 0.00792 ( 1)  0.061
  31 -   0.96306 0.03694 ( 1)  0.089
  32 -   0.47905 0.52095 ( 2)  0.547
  33 -   0.96138 0.03862 ( 1)  0.090
  34 -   0.92528 0.07472 ( 1)  0.125
  35 -   0.54114 0.45886 ( 1)  0.488
  36 -   0.92275 0.07725 ( 1)  0.127
  37 -   0.94525 0.05475 ( 1)  0.106
  38 -   0.05830 0.94170 ( 2)  0.945
  39 M   1.00000 0.00000 ( 1)  0.054
  40 S   0.90183 0.09817 ( 1)  0.147
  41 P   0.00000 1.00000 ( 2)  1.000
  42 P   0.00000 1.00000 ( 2)  1.000
  43 N   0.99672 0.00328 ( 1)  0.057
  44 Q   0.00177 0.99823 ( 2)  0.998
  45 S   0.00097 0.99903 ( 2)  0.999
  46 L   0.00000 1.00000 ( 2)  1.000
  47 E   0.00001 0.99999 ( 2)  1.000
  48 G   0.00000 1.00000 ( 2)  1.000
  49 L   0.00016 0.99984 ( 2)  1.000
  50 L   0.99470 0.00530 ( 1)  0.059
  51 Q   0.06609 0.93391 ( 2)  0.937
  52 E   0.76490 0.23510 ( 1)  0.276
  53 A   0.99857 0.00143 ( 1)  0.055
  54 S   0.18226 0.81774 ( 2)  0.828
  55 N   1.00000 0.00000 ( 1)  0.054
  56 R   0.09561 0.90439 ( 2)  0.910
  57 S   1.00000 0.00000 ( 1)  0.054
  58 L   0.00020 0.99980 ( 2)  1.000
  59 N   1.00000 0.00000 ( 1)  0.054
  60 A   0.00000 1.00000 ( 2)  1.000
  61 T   0.00166 0.99834 ( 2)  0.998
  62 E   0.00000 1.00000 ( 2)  1.000
  63 T   0.95241 0.04759 ( 1)  0.099
  64 P   0.00000 1.00000 ( 2)  1.000
  65 E   0.00001 0.99999 ( 2)  1.000
  66 A   0.00013 0.99987 ( 2)  1.000
  67 W   1.00000 0.00000 ( 1)  0.054
  68 G   1.00000 0.00000 ( 1)  0.054
  69 P   0.99962 0.00038 ( 1)  0.054
  70 G   0.00000 1.00000 ( 2)  1.000
  71 T   0.96103 0.03897 ( 1)  0.091
  72 L   1.00000 0.00000 ( 1)  0.054
  73 Q   0.01328 0.98672 ( 2)  0.987
  74 A   1.00000 0.00000 ( 1)  0.054
  75 L   1.00000 0.00000 ( 1)  0.054
  76 K   0.02248 0.97752 ( 2)  0.979
  77 I   1.00000 0.00000 ( 1)  0.054
  78 S   1.00000 0.00000 ( 1)  0.054
  79 L   1.00000 0.00000 ( 1)  0.054
  80 A   1.00000 0.00000 ( 1)  0.054
  81 L   0.99999 0.00001 ( 1)  0.054
  82 L   1.00000 0.00000 ( 1)  0.054
  83 L   1.00000 0.00000 ( 1)  0.054
  84 S   1.00000 0.00000 ( 1)  0.054
  85 I   0.94295 0.05705 ( 1)  0.108
  86 I   1.00000 0.00000 ( 1)  0.054
  87 T   1.00000 0.00000 ( 1)  0.054
  88 M   0.99707 0.00293 ( 1)  0.057
  89 A   1.00000 0.00000 ( 1)  0.054
  90 T   1.00000 0.00000 ( 1)  0.054
  91 A   1.00000 0.00000 ( 1)  0.054
  92 L   1.00000 0.00000 ( 1)  0.054
  93 S   1.00000 0.00000 ( 1)  0.054
  94 N   1.00000 0.00000 ( 1)  0.054
  95 A   1.00000 0.00000 ( 1)  0.054
  96 F   1.00000 0.00000 ( 1)  0.054
  97 V   1.00000 0.00000 ( 1)  0.054
  98 L   1.00000 0.00000 ( 1)  0.054
  99 T   1.00000 0.00000 ( 1)  0.054
 100 T   1.00000 0.00000 ( 1)  0.054
 101 I   1.00000 0.00000 ( 1)  0.054
 102 F   1.00000 0.00000 ( 1)  0.054
 103 L   1.00000 0.00000 ( 1)  0.054
 104 T   1.00000 0.00000 ( 1)  0.054
 105 R   0.99563 0.00437 ( 1)  0.058
 106 K   1.00000 0.00000 ( 1)  0.054
 107 L   1.00000 0.00000 ( 1)  0.054
 108 H   1.00000 0.00000 ( 1)  0.054
 109 T   1.00000 0.00000 ( 1)  0.054
 110 P   1.00000 0.00000 ( 1)  0.054
 111 A   1.00000 0.00000 ( 1)  0.054
 112 N   1.00000 0.00000 ( 1)  0.054
 113 Y   0.99988 0.00012 ( 1)  0.054
 114 L   1.00000 0.00000 ( 1)  0.054
 115 I   1.00000 0.00000 ( 1)  0.054
 116 G   1.00000 0.00000 ( 1)  0.054
 117 S   1.00000 0.00000 ( 1)  0.054
 118 L   1.00000 0.00000 ( 1)  0.054
 119 A   1.00000 0.00000 ( 1)  0.054
 120 M   0.00000 1.00000 ( 2)  1.000
 121 T   1.00000 0.00000 ( 1)  0.054
 122 D   1.00000 0.00000 ( 1)  0.054
 123 L   1.00000 0.00000 ( 1)  0.054
 124 L   1.00000 0.00000 ( 1)  0.054
 125 V   1.00000 0.00000 ( 1)  0.054
 126 S   1.00000 0.00000 ( 1)  0.054
 127 I   1.00000 0.00000 ( 1)  0.054
 128 L   1.00000 0.00000 ( 1)  0.054
 129 V   1.00000 0.00000 ( 1)  0.054
 130 M   1.00000 0.00000 ( 1)  0.054
 131 P   1.00000 0.00000 ( 1)  0.054
 132 I   1.00000 0.00000 ( 1)  0.054
 133 S   1.00000 0.00000 ( 1)  0.054
 134 I   1.00000 0.00000 ( 1)  0.054
 135 A   0.99999 0.00001 ( 1)  0.054
 136 Y   1.00000 0.00000 ( 1)  0.054
 137 T   1.00000 0.00000 ( 1)  0.054
 138 T   0.82229 0.17771 ( 1)  0.222
 139 T   1.00000 0.00000 ( 1)  0.054
 140 R   0.00000 1.00000 ( 2)  1.000
 141 T   1.00000 0.00000 ( 1)  0.054
 142 W   1.00000 0.00000 ( 1)  0.054
 143 S   1.00000 0.00000 ( 1)  0.054
 144 F   1.00000 0.00000 ( 1)  0.054
 145 G   1.00000 0.00000 ( 1)  0.054
 146 Q   0.99993 0.00007 ( 1)  0.054
 147 I   0.99999 0.00001 ( 1)  0.054
 148 L   0.99999 0.00001 ( 1)  0.054
 149 C   1.00000 0.00000 ( 1)  0.054
 150 D   1.00000 0.00000 ( 1)  0.054
 151 I   1.00000 0.00000 ( 1)  0.054
 152 W   1.00000 0.00000 ( 1)  0.054
 153 L   1.00000 0.00000 ( 1)  0.054
 154 S   1.00000 0.00000 ( 1)  0.054
 155 S   1.00000 0.00000 ( 1)  0.054
 156 D   1.00000 0.00000 ( 1)  0.054
 157 I   1.00000 0.00000 ( 1)  0.054
 158 T   1.00000 0.00000 ( 1)  0.054
 159 C   1.00000 0.00000 ( 1)  0.054
 160 C   1.00000 0.00000 ( 1)  0.054
 161 T   1.00000 0.00000 ( 1)  0.054
 162 A   1.00000 0.00000 ( 1)  0.054
 163 S   1.00000 0.00000 ( 1)  0.054
 164 I   1.00000 0.00000 ( 1)  0.054
 165 L   1.00000 0.00000 ( 1)  0.054
 166 H   1.00000 0.00000 ( 1)  0.054
 167 L   1.00000 0.00000 ( 1)  0.054
 168 C   0.99993 0.00007 ( 1)  0.054
 169 V   1.00000 0.00000 ( 1)  0.054
 170 I   1.00000 0.00000 ( 1)  0.054
 171 A   1.00000 0.00000 ( 1)  0.054
 172 L   1.00000 0.00000 ( 1)  0.054
 173 D   1.00000 0.00000 ( 1)  0.054
 174 R   1.00000 0.00000 ( 1)  0.054
 175 Y   1.00000 0.00000 ( 1)  0.054
 176 W   1.00000 0.00000 ( 1)  0.054
 177 A   1.00000 0.00000 ( 1)  0.054
 178 I   1.00000 0.00000 ( 1)  0.054
 179 T   1.00000 0.00000 ( 1)  0.054
 180 D   1.00000 0.00000 ( 1)  0.054
 181 A   1.00000 0.00000 ( 1)  0.054
 182 L   1.00000 0.00000 ( 1)  0.054
 183 E   1.00000 0.00000 ( 1)  0.054
 184 Y   1.00000 0.00000 ( 1)  0.054
 185 S   1.00000 0.00000 ( 1)  0.054
 186 K   1.00000 0.00000 ( 1)  0.054
 187 R   1.00000 0.00000 ( 1)  0.054
 188 R   1.00000 0.00000 ( 1)  0.054
 189 T   1.00000 0.00000 ( 1)  0.054
 190 A   0.00846 0.99154 ( 2)  0.992
 191 G   1.00000 0.00000 ( 1)  0.054
 192 R   1.00000 0.00000 ( 1)  0.054
 193 A   1.00000 0.00000 ( 1)  0.054
 194 A   1.00000 0.00000 ( 1)  0.054
 195 A   0.99988 0.00012 ( 1)  0.054
 196 M   1.00000 0.00000 ( 1)  0.054
 197 I   1.00000 0.00000 ( 1)  0.054
 198 A   1.00000 0.00000 ( 1)  0.054
 199 T   0.00000 1.00000 ( 2)  1.000
 200 V   1.00000 0.00000 ( 1)  0.054
 201 W   1.00000 0.00000 ( 1)  0.054
 202 V   0.00000 1.00000 ( 2)  1.000
 203 I   1.00000 0.00000 ( 1)  0.054
 204 S   1.00000 0.00000 ( 1)  0.054
 205 I   1.00000 0.00000 ( 1)  0.054
 206 C   1.00000 0.00000 ( 1)  0.054
 207 I   1.00000 0.00000 ( 1)  0.054
 208 S   1.00000 0.00000 ( 1)  0.054
 209 I   1.00000 0.00000 ( 1)  0.054
 210 P   1.00000 0.00000 ( 1)  0.054
 211 P   1.00000 0.00000 ( 1)  0.054
 212 L   1.00000 0.00000 ( 1)  0.054
 213 F   1.00000 0.00000 ( 1)  0.054
 214 W   1.00000 0.00000 ( 1)  0.054
 215 R   1.00000 0.00000 ( 1)  0.054
 216 Q   1.00000 0.00000 ( 1)  0.054
 217 A   1.00000 0.00000 ( 1)  0.054
 218 K   0.00000 1.00000 ( 2)  1.000
 219 A   1.00000 0.00000 ( 1)  0.054
 220 H   0.00002 0.99998 ( 2)  1.000
 221 E   0.99999 0.00001 ( 1)  0.054
 222 E   1.00000 0.00000 ( 1)  0.054
 223 M   0.83307 0.16693 ( 1)  0.212
 224 S   0.99924 0.00076 ( 1)  0.055
 225 D   1.00000 0.00000 ( 1)  0.054
 226 C   1.00000 0.00000 ( 1)  0.054
 227 L   0.24362 0.75638 ( 2)  0.770
 228 V   1.00000 0.00000 ( 1)  0.054
 229 N   1.00000 0.00000 ( 1)  0.054
 230 T   1.00000 0.00000 ( 1)  0.054
 231 S   1.00000 0.00000 ( 1)  0.054
 232 Q   0.99999 0.00001 ( 1)  0.054
 233 I   1.00000 0.00000 ( 1)  0.054
 234 S   1.00000 0.00000 ( 1)  0.054
 235 Y   1.00000 0.00000 ( 1)  0.054
 236 T   1.00000 0.00000 ( 1)  0.054
 237 I   1.00000 0.00000 ( 1)  0.054
 238 Y   1.00000 0.00000 ( 1)  0.054
 239 S   1.00000 0.00000 ( 1)  0.054
 240 T   1.00000 0.00000 ( 1)  0.054
 241 C   1.00000 0.00000 ( 1)  0.054
 242 G   1.00000 0.00000 ( 1)  0.054
 243 A   1.00000 0.00000 ( 1)  0.054
 244 F   1.00000 0.00000 ( 1)  0.054
 245 Y   1.00000 0.00000 ( 1)  0.054
 246 I   1.00000 0.00000 ( 1)  0.054
 247 P   1.00000 0.00000 ( 1)  0.054
 248 S   1.00000 0.00000 ( 1)  0.054
 249 V   0.67600 0.32400 ( 1)  0.360
 250 L   1.00000 0.00000 ( 1)  0.054
 251 L   1.00000 0.00000 ( 1)  0.054
 252 V   1.00000 0.00000 ( 1)  0.054
 253 I   1.00000 0.00000 ( 1)  0.054
 254 L   1.00000 0.00000 ( 1)  0.054
 255 Y   1.00000 0.00000 ( 1)  0.054
 256 G   1.00000 0.00000 ( 1)  0.054
 257 R   1.00000 0.00000 ( 1)  0.054
 258 I   1.00000 0.00000 ( 1)  0.054
 259 Y   1.00000 0.00000 ( 1)  0.054
 260 V   0.00000 1.00000 ( 2)  1.000
 261 A   1.00000 0.00000 ( 1)  0.054
 262 A   1.00000 0.00000 ( 1)  0.054
 263 R   0.99999 0.00001 ( 1)  0.054
 264 N   0.99564 0.00436 ( 1)  0.058
 265 R   1.00000 0.00000 ( 1)  0.054
 266 I   1.00000 0.00000 ( 1)  0.054
 267 L   0.99997 0.00003 ( 1)  0.054
 268 N   0.99677 0.00323 ( 1)  0.057
 269 T   0.99998 0.00002 ( 1)  0.054
 270 P   1.00000 0.00000 ( 1)  0.054
 271 S   1.00000 0.00000 ( 1)  0.054
 272 L   1.00000 0.00000 ( 1)  0.054
 273 Y   0.36108 0.63892 ( 2)  0.658
 274 G   1.00000 0.00000 ( 1)  0.054
 275 K   1.00000 0.00000 ( 1)  0.054
 276 R   1.00000 0.00000 ( 1)  0.054
 277 F   1.00000 0.00000 ( 1)  0.054
 278 T   1.00000 0.00000 ( 1)  0.054
 279 T   1.00000 0.00000 ( 1)  0.054
 280 A   1.00000 0.00000 ( 1)  0.054
 281 H   0.00000 1.00000 ( 2)  1.000
 282 L   1.00000 0.00000 ( 1)  0.054
 283 I   1.00000 0.00000 ( 1)  0.054
 284 T   0.06663 0.93337 ( 2)  0.937
 285 G   1.00000 0.00000 ( 1)  0.054
 286 S   1.00000 0.00000 ( 1)  0.054
 287 A   1.00000 0.00000 ( 1)  0.054
 288 G   0.99997 0.00003 ( 1)  0.054
 289 S   1.00000 0.00000 ( 1)  0.054
 290 S   1.00000 0.00000 ( 1)  0.054
 291 L   1.00000 0.00000 ( 1)  0.054
 292 C   1.00000 0.00000 ( 1)  0.054
 293 S   1.00000 0.00000 ( 1)  0.054
 294 L   1.00000 0.00000 ( 1)  0.054
 295 S   0.00033 0.99967 ( 2)  1.000
 296 P   0.99997 0.00003 ( 1)  0.054
 297 S   1.00000 0.00000 ( 1)  0.054
 298 L   1.00000 0.00000 ( 1)  0.054
 299 H   0.73960 0.26040 ( 1)  0.300
 300 E   1.00000 0.00000 ( 1)  0.054
 301 G   0.73815 0.26185 ( 1)  0.302
 302 H   1.00000 0.00000 ( 1)  0.054
 303 P   0.00003 0.99997 ( 2)  1.000
 304 H   1.00000 0.00000 ( 1)  0.054
 305 T   0.00000 1.00000 ( 2)  1.000
 306 A   1.00000 0.00000 ( 1)  0.054
 307 G   1.00000 0.00000 ( 1)  0.054
 308 S   1.00000 0.00000 ( 1)  0.054
 309 A   0.99997 0.00003 ( 1)  0.054
 310 L   1.00000 0.00000 ( 1)  0.054
 311 F   1.00000 0.00000 ( 1)  0.054
 312 F   1.00000 0.00000 ( 1)  0.054
 313 N   0.99790 0.00210 ( 1)  0.056
 314 H   0.99252 0.00748 ( 1)  0.061
 315 V   1.00000 0.00000 ( 1)  0.054
 316 K   0.00001 0.99999 ( 2)  1.000
 317 I   1.00000 0.00000 ( 1)  0.054
 318 K   1.00000 0.00000 ( 1)  0.054
 319 L   1.00000 0.00000 ( 1)  0.054
 320 A   1.00000 0.00000 ( 1)  0.054
 321 D   0.99989 0.00011 ( 1)  0.054
 322 S   1.00000 0.00000 ( 1)  0.054
 323 V   0.99960 0.00040 ( 1)  0.054
 324 L   0.99996 0.00004 ( 1)  0.054
 325 E   1.00000 0.00000 ( 1)  0.054
 326 R   1.00000 0.00000 ( 1)  0.054
 327 K   1.00000 0.00000 ( 1)  0.054
 328 R   1.00000 0.00000 ( 1)  0.054
 329 I   1.00000 0.00000 ( 1)  0.054
 330 S   1.00000 0.00000 ( 1)  0.054
 331 A   1.00000 0.00000 ( 1)  0.054
 332 A   1.00000 0.00000 ( 1)  0.054
 333 R   0.99997 0.00003 ( 1)  0.054
 334 E   1.00000 0.00000 ( 1)  0.054
 335 R   1.00000 0.00000 ( 1)  0.054
 336 K   0.99991 0.00009 ( 1)  0.054
 337 A   1.00000 0.00000 ( 1)  0.054
 338 T   1.00000 0.00000 ( 1)  0.054
 339 K   1.00000 0.00000 ( 1)  0.054
 340 T   1.00000 0.00000 ( 1)  0.054
 341 L   1.00000 0.00000 ( 1)  0.054
 342 G   1.00000 0.00000 ( 1)  0.054
 343 I   1.00000 0.00000 ( 1)  0.054
 344 I   1.00000 0.00000 ( 1)  0.054
 345 L   1.00000 0.00000 ( 1)  0.054
 346 G   1.00000 0.00000 ( 1)  0.054
 347 A   1.00000 0.00000 ( 1)  0.054
 348 F   1.00000 0.00000 ( 1)  0.054
 349 I   1.00000 0.00000 ( 1)  0.054
 350 I   0.88648 0.11352 ( 1)  0.161
 351 C   1.00000 0.00000 ( 1)  0.054
 352 -   0.86617 0.13383 ( 1)  0.181
 353 L   1.00000 0.00000 ( 1)  0.054
 354 P   1.00000 0.00000 ( 1)  0.054
 355 F   1.00000 0.00000 ( 1)  0.054
 356 F   1.00000 0.00000 ( 1)  0.054
 357 V   1.00000 0.00000 ( 1)  0.054
 358 A   0.00001 0.99999 ( 2)  1.000
 359 S   1.00000 0.00000 ( 1)  0.054
 360 L   1.00000 0.00000 ( 1)  0.054
 361 V   1.00000 0.00000 ( 1)  0.054
 362 L   1.00000 0.00000 ( 1)  0.054
 363 P   1.00000 0.00000 ( 1)  0.054
 364 I   1.00000 0.00000 ( 1)  0.054
 365 C   1.00000 0.00000 ( 1)  0.054
 366 R   0.99960 0.00040 ( 1)  0.054
 367 D   1.00000 0.00000 ( 1)  0.054
 368 S   1.00000 0.00000 ( 1)  0.054
 369 C   1.00000 0.00000 ( 1)  0.054
 370 W   1.00000 0.00000 ( 1)  0.054
 371 L   1.00000 0.00000 ( 1)  0.054
 372 H   1.00000 0.00000 ( 1)  0.054
 373 P   0.87244 0.12756 ( 1)  0.175
 374 A   1.00000 0.00000 ( 1)  0.054
 375 L   1.00000 0.00000 ( 1)  0.054
 376 F   1.00000 0.00000 ( 1)  0.054
 377 D   1.00000 0.00000 ( 1)  0.054
 378 F   1.00000 0.00000 ( 1)  0.054
 379 F   1.00000 0.00000 ( 1)  0.054
 380 T   1.00000 0.00000 ( 1)  0.054
 381 W   1.00000 0.00000 ( 1)  0.054
 382 L   0.99989 0.00011 ( 1)  0.054
 383 G   1.00000 0.00000 ( 1)  0.054
 384 Y   1.00000 0.00000 ( 1)  0.054
 385 L   0.99997 0.00003 ( 1)  0.054
 386 N   1.00000 0.00000 ( 1)  0.054
 387 S   1.00000 0.00000 ( 1)  0.054
 388 L   1.00000 0.00000 ( 1)  0.054
 389 I   1.00000 0.00000 ( 1)  0.054
 390 N   1.00000 0.00000 ( 1)  0.054
 391 P   1.00000 0.00000 ( 1)  0.054
 392 I   0.71377 0.28623 ( 1)  0.325
 393 I   1.00000 0.00000 ( 1)  0.054
 394 Y   1.00000 0.00000 ( 1)  0.054
 395 T   1.00000 0.00000 ( 1)  0.054
 396 V   0.98530 0.01470 ( 1)  0.068
 397 F   1.00000 0.00000 ( 1)  0.054
 398 N   1.00000 0.00000 ( 1)  0.054
 399 E   0.36473 0.63527 ( 2)  0.655
 400 E   0.99991 0.00009 ( 1)  0.054
 401 F   1.00000 0.00000 ( 1)  0.054
 402 R   0.99691 0.00309 ( 1)  0.057
 403 Q   0.00028 0.99972 ( 2)  1.000
 404 A   1.00000 0.00000 ( 1)  0.054
 405 F   1.00000 0.00000 ( 1)  0.054
 406 Q   0.99999 0.00001 ( 1)  0.054
 407 K   0.00299 0.99701 ( 2)  0.997
 408 V   0.33726 0.66274 ( 2)  0.681
 409 V   1.00000 0.00000 ( 1)  0.054
 410 H   0.01567 0.98433 ( 2)  0.985
 411 F   1.00000 0.00000 ( 1)  0.054
 412 R   0.00610 0.99390 ( 2)  0.994
 413 K   0.98014 0.01986 ( 1)  0.073
 414 A   0.99999 0.00001 ( 1)  0.054
 415 -   0.86617 0.13383 ( 1)  0.181
 416 -   0.86617 0.13383 ( 1)  0.181
 417 -   0.86617 0.13383 ( 1)  0.181
 418 -   0.86617 0.13383 ( 1)  0.181
 419 -   0.86617 0.13383 ( 1)  0.181


lnL = -16853.504175

